    0 
truss tower with static vertical and lateral loads
    1    1    0    0    0    0    1    0    3   18    3    2    2    4    1
    1    3    1    1    0    1      0.00      1.00      0.00      1.00
    1    2        0.        0.                                   
   17    0       48.      768.
    8    2
    2    2      144.        0.
   18    0       96.      768.
    8    2    

    1   18    1    0    0    1
    1    0    0    1    1    1
    2    0    0    1    1    1

    3    2     500.0      0.00      0.00
   17    0    4000.0      0.00      0.00
    7    2

    3    2      0.00   -3000.0      0.00
   18    0      0.00   -3000.0      0.00
   15    1

      0.00       0.0
      1.00       1.0
      2.00       0.0
      3.00       1.7
      0.00       0.0
      1.00       0.0
      2.00       1.0
      3.00       1.3
    2   40    2    2    0    0    0    1    1    0 
    1      30000000.   7.30e-4      0.00      0.00      10.0
    2      30000000.   7.30e-4      0.00      0.00       6.0
      0.00    -386.4      0.00
    1    1    1    3    1
    4    1    2
    5    1    2    4    1
    4    1    2
    9    1    3    4    1
    4    1    2
   13    2    1    4    1
    4    1    2
   17    2    2    3    1
    4    1    2
   21    2    9   11    1
    4    1    2
   25    2   10   12    1
    4    1    2
   29    2   11   12    1
    4    1    2
   33    2    9   12    1
    4    1    2
   37    2   10   11    1
    4    1    2

*end
