    0
implicit-explicit dynamic analysis of a rod
    1    0    0    0    0    0    2    1    3   22    3    0    0    0    2
    1    1    1    1    1    1       0.0       0.0       0.0       0.0
    2  100    0    0    2    1       0.0    0.3025       0.6    0.0045
   22    1    1
    1    2       0.0       0.0       0.0
                10.5       0.0       0.0
   21    1

    1    0    0    1    1    1
    2   22    1    0    1    1

    1    2       0.0
         0       0.1
   20    1
   22    0       0.1



    2    1    1    2    0    0    0    1    1    0
    1         1.0e+7      0.01       0.0       0.0       1.0

    1    1   21   22

    2   20    1    2    1    0    0    1    1    1
    1          100.0      0.01       0.0       0.0       1.0

    1    1    1    2    1
   20    1    1

   10    1    1
*end
