    0 
4-node quadrilateral element patch test #1: constant x1 displacement
    1    1    0    0    0    0    1    0    2    9    2    1    1    1    1
    1    1    1    1    0    1      0.00      1.00      0.00      1.00
    1    0        0.        0.                                   
    2    0        1.        0.
    3    0        2.        0.
    4    0        0.        1.
    5    0       1.1       0.8
    6    0        2.        1.
    7    0        0.        2.
    8    0        1.        2.
    9    0        2.        2.

    1    4    1    1    1     
    6    9    1    1    1

    1    0       1.0        0.
    2    0       1.0        0.
    3    0       1.0        0.
    4    0       1.0        0.
    6    0       1.0        0.
    7    0       1.0        0.
    8    0       1.0        0.
    9    0       1.0        0.

      1.00       1.0
    1    4    1    0    0    1    0    0    0    0    0    0    0
    1             1.       0.3      0.00      0.00       0.0       1.0
      0.00      0.00
    1    1    1    2    5    4    0
    2    1    2    3    6    5    0
    3    1    4    5    8    7    0
    4    1    5    6    9    8    0

*end
