    0
 1 BRICKC ELEMENT (8 NODES) 10 * 10 * 10
    1    1    0    0    0    0    1    0    3    8    3    1    1    1    1
    1    1    1    1    0    1       0.0       0.0       0.0       1.0
    1    0    0  0.0       0.0       0.0
    2    0    0 10.0       0.0       0.0
    3    0    0 10.0      10.0       0.0
    4    0    0  0.0      10.0       0.0
    5    0    0  0.0       0.0      10.0
    6    0    0 10.0       0.0      10.0
    7    0    0 10.0      10.0      10.0
    8    0    0  0.0      10.0      10.0

    1              1    1    1
    2              0    1    1
    3              0    0    1
    4              1    0    1
    5              1    1    0
    6              0    1    0
    8              1    0    0

    5    0        0.        0.      -25.
    6    0        0.        0.      -25.
    7    0        0.        0.      -25.
    8    0        0.        0.      -25.

       0.0       1.0
    3    1    1    0    0    0    0    0    0    0    0    0    0
    1           1.00     0.100       0.0       0.0       0.0

    1    1    1    2    3    4    5    6    7    8    0

*end

